xof 0303txt 0032

LevelProperties {
	1;
}
Frame PEObject0_polySurface1 {
	MetaScript {
		"basic.x_PEObject0_polySu.lua"
	}
	PEUUID {
		0x7255d18f, 0x36cc11e0, 0xb5aa0025, 0xd3ac504f
	}
	FrameTransformMatrix {
		1.000000,0.000000,0.000000,0.000000,-0.000000,0.000000,1.000000,0.000000,-0.000000,-1.000000,0.000000,0.000000,0.000000,272.574449,-0.000000,1.000000;;
	}
}
Frame Hips {
	FrameTransformMatrix {
		1.000000,0.000000,-0.000000,0.000000,-0.000000,1.000000,-0.000000,0.000000,-0.000000,-0.000000,1.000000,0.000000,-0.072876,121.524536,-1.047344,1.000000;;
	}
}
Frame Spine {
	FrameTransformMatrix {
		0.999593,0.028540,0.000000,0.000000,-0.028373,0.993732,0.108129,0.000000,0.003086,-0.108085,0.994137,0.000000,0.071960,7.257321,0.789679,1.000000;;
	}
}
Frame Spine1 {
	FrameTransformMatrix {
		1.000000,0.000000,0.000000,0.000000,-0.000000,1.000000,0.000000,0.000000,-0.000000,-0.000000,1.000000,0.000000,0.241652,8.513410,0.000746,1.000000;;
	}
}
Frame Spine2 {
	FrameTransformMatrix {
		1.000000,0.000000,-0.000000,0.000000,0.000000,1.000000,-0.000000,0.000000,-0.000000,-0.000000,1.000000,0.000000,0.829381,28.991064,-2.094162,1.000000;;
	}
}
Frame Neck {
	FrameTransformMatrix {
		1.000000,0.000000,-0.000000,0.000000,0.000000,1.000000,-0.000000,0.000000,-0.000000,-0.000000,1.000000,0.000000,0.400523,13.132167,-8.993061,1.000000;;
	}
}
Frame Head {
	FrameTransformMatrix {
		1.000000,0.000000,-0.000000,0.000000,0.000000,1.000000,-0.000000,0.000000,-0.000000,-0.000000,1.000000,0.000000,0.233993,7.530436,-6.555835,1.000000;;
	}
}
Frame HeadTop_End {
	FrameTransformMatrix {
		0.999593,-0.028374,0.003086,0.000000,0.028541,0.993732,-0.108085,0.000000,0.000000,0.108130,0.994137,0.000000,0.506910,16.207838,-15.174189,1.000000;;
	}
}
Frame LeftShoulder {
	FrameTransformMatrix {
		0.071903,-0.039083,0.996646,0.000000,0.896542,-0.435348,-0.081753,0.000000,0.437083,0.899413,0.003736,0.000000,12.910004,11.285694,0.118351,1.000000;;
	}
}
Frame LeftArm {
	FrameTransformMatrix {
		0.949795,-0.192192,0.246883,0.000000,0.049676,0.871711,0.487495,0.000000,-0.308903,-0.450757,0.837495,0.000000,0.000000,15.310363,0.000000,1.000000;;
	}
}
Frame LeftForeArm {
	FrameTransformMatrix {
		0.981656,0.015667,-0.190018,0.000000,-0.034318,0.994860,-0.095266,0.000000,0.187549,0.100040,0.977148,0.000000,-0.513995,34.003643,-3.006890,1.000000;;
	}
}
Frame LeftHand {
	FrameTransformMatrix {
		-0.128006,-0.146214,-0.980936,0.000000,0.058967,0.986201,-0.154693,0.000000,0.990019,-0.077644,-0.117618,0.000000,0.717133,40.950531,0.524534,1.000000;;
	}
}
Frame LeftHandThumb1 {
	FrameTransformMatrix {
		0.052405,0.501809,0.863390,0.000000,-0.360870,-0.796637,0.484915,0.000000,0.931143,-0.336984,0.139340,0.000000,6.851028,10.712519,-9.028052,1.000000;;
	}
}
Frame LeftHandThumb2 {
	FrameTransformMatrix {
		0.996912,0.045924,-0.063704,0.000000,-0.053414,0.991170,-0.121363,0.000000,0.057568,0.124391,0.990562,0.000000,0.151743,-2.363815,0.038781,1.000000;;
	}
}
Frame LeftHandThumb3 {
	FrameTransformMatrix {
		0.981524,0.186248,0.043856,0.000000,-0.191101,0.965682,0.175891,0.000000,-0.009592,-0.181022,0.983432,0.000000,0.046266,-2.711692,-0.284245,1.000000;;
	}
}
Frame LeftHandThumb4 {
	FrameTransformMatrix {
		-0.764888,0.116706,0.633503,0.000000,0.161019,0.986871,0.012609,0.000000,-0.623714,0.111650,-0.773637,0.000000,-1.082542,-6.139900,0.483670,1.000000;;
	}
}
Frame LeftHandIndex1 {
	FrameTransformMatrix {
		-0.320725,0.011878,0.947098,0.000000,0.201321,-0.976219,0.080418,0.000000,0.925530,0.216462,0.310706,0.000000,-1.354679,18.100500,-5.541316,1.000000;;
	}
}
Frame LeftHandIndex2 {
	FrameTransformMatrix {
		0.999353,0.001285,-0.035945,0.000000,-0.003190,0.998590,-0.052987,0.000000,0.035826,0.053067,0.997948,0.000000,0.022636,-4.706431,0.212162,1.000000;;
	}
}
Frame LeftHandIndex3 {
	FrameTransformMatrix {
		0.991795,0.058474,-0.113685,0.000000,-0.056352,0.998173,0.021796,0.000000,0.114752,-0.015211,0.993278,0.000000,-0.047397,-2.878977,0.197135,1.000000;;
	}
}
Frame LeftHandIndex4 {
	FrameTransformMatrix {
		-0.932302,0.000000,0.361680,0.000000,0.000000,1.000000,-0.000000,0.000000,-0.361680,-0.000000,-0.932302,0.000000,-0.342300,-6.136211,0.046578,1.000000;;
	}
}
Frame LeftHandMiddle1 {
	FrameTransformMatrix {
		-0.228251,0.026801,0.973233,0.000000,0.510051,-0.848177,0.142979,0.000000,0.829307,0.529034,0.179927,0.000000,-2.899828,17.743202,-1.113146,1.000000;;
	}
}
Frame LeftHandMiddle2 {
	FrameTransformMatrix {
		0.985912,0.038614,0.162749,0.000000,0.008765,0.959725,-0.280806,0.000000,-0.167037,0.278276,0.945865,0.000000,0.014830,-4.582679,1.862360,1.000000;;
	}
}
Frame LeftHandMiddle3 {
	FrameTransformMatrix {
		0.996834,-0.014468,-0.078189,0.000000,-0.000193,0.982863,-0.184338,0.000000,0.079516,0.183769,0.979748,0.000000,0.095096,-3.324832,0.326926,1.000000;;
	}
}
Frame LeftHandMiddle4 {
	FrameTransformMatrix {
		-0.771354,-0.016415,0.636195,0.000000,0.006351,0.999419,0.033487,0.000000,-0.636375,0.029871,-0.770801,0.000000,0.156644,-4.442987,-0.377913,1.000000;;
	}
}
Frame LeftHandRing1 {
	FrameTransformMatrix {
		-0.041465,0.005702,0.999124,0.000000,0.258849,-0.965781,0.016254,0.000000,0.965027,0.259296,0.038570,0.000000,-3.085449,15.781732,3.109827,1.000000;;
	}
}
Frame LeftHandRing2 {
	FrameTransformMatrix {
		0.966421,-0.169696,-0.192961,0.000000,0.152587,0.983175,-0.100423,0.000000,0.206756,0.067607,0.976054,0.000000,-0.174459,-3.505827,0.344555,1.000000;;
	}
}
Frame LeftHandRing3 {
	FrameTransformMatrix {
		0.979896,0.193201,0.049767,0.000000,-0.198679,0.967689,0.155258,0.000000,-0.018163,-0.162025,0.986620,0.000000,0.302138,-2.945194,0.053090,1.000000;;
	}
}
Frame LeftHandRing4 {
	FrameTransformMatrix {
		-0.819962,0.017046,0.572165,0.000000,0.000595,0.999581,-0.028927,0.000000,-0.572418,-0.023378,-0.819628,0.000000,-0.449812,-4.828516,0.872091,1.000000;;
	}
}
Frame LeftHandPinky1 {
	FrameTransformMatrix {
		0.072502,0.022768,0.997108,0.000000,0.225616,-0.974199,0.005840,0.000000,0.971515,0.224540,-0.075769,0.000000,-2.293147,12.990767,6.044280,1.000000;;
	}
}
Frame LeftHandPinky2 {
	FrameTransformMatrix {
		0.960548,-0.103025,0.258327,0.000000,0.080670,0.992134,0.095721,0.000000,-0.266157,-0.071105,0.961304,0.000000,-0.169258,-3.314793,0.231113,1.000000;;
	}
}
Frame LeftHandPinky3 {
	FrameTransformMatrix {
		0.998070,-0.047532,0.039961,0.000000,0.050386,0.996005,-0.073731,0.000000,-0.036297,0.075602,0.996477,0.000000,0.216247,-2.972420,0.455749,1.000000;;
	}
}
Frame LeftHandPinky4 {
	FrameTransformMatrix {
		-0.273137,0.084932,0.958219,0.000000,0.791046,0.586641,0.173488,0.000000,-0.547396,0.805381,-0.227418,0.000000,0.728012,-5.786314,0.429647,1.000000;;
	}
}
Frame RightShoulder {
	FrameTransformMatrix {
		0.071903,0.039083,-0.996646,0.000000,-0.896542,-0.435349,-0.081753,0.000000,-0.437083,0.899413,0.003736,0.000000,-12.249532,11.999851,0.040674,1.000000;;
	}
}
Frame RightArm {
	FrameTransformMatrix {
		0.949795,0.192192,-0.246883,0.000000,-0.049675,0.871711,0.487495,0.000000,0.308903,-0.450757,0.837495,0.000000,0.091363,15.285830,0.861537,1.000000;;
	}
}
Frame RightForeArm {
	FrameTransformMatrix {
		0.979884,-0.015147,0.198991,0.000000,0.034507,0.994956,-0.094186,0.000000,-0.196560,0.099158,0.975465,0.000000,0.196617,34.122295,-1.087984,1.000000;;
	}
}
Frame RightHand {
	FrameTransformMatrix {
		-0.110723,0.147555,0.982837,0.000000,-0.054971,0.986494,-0.154297,0.000000,-0.992330,-0.071111,-0.101116,0.000000,-0.645595,40.857632,2.823586,1.000000;;
	}
}
Frame RightHandThumb1 {
	FrameTransformMatrix {
		0.052003,-0.504017,-0.862127,0.000000,0.361063,-0.795405,0.486790,0.000000,-0.931090,-0.336596,0.140619,0.000000,-6.151810,11.057123,-9.115680,1.000000;;
	}
}
Frame RightHandThumb2 {
	FrameTransformMatrix {
		0.996881,-0.047466,0.063044,0.000000,0.054859,0.991104,-0.121258,0.000000,-0.056727,0.124339,0.990617,0.000000,-0.162362,-2.361683,-0.090791,1.000000;;
	}
}
Frame RightHandThumb3 {
	FrameTransformMatrix {
		0.981608,-0.183550,-0.052485,0.000000,0.190053,0.965523,0.177890,0.000000,0.018024,-0.184593,0.982650,0.000000,-0.063917,-2.691903,-0.431023,1.000000;;
	}
}
Frame RightHandThumb4 {
	FrameTransformMatrix {
		-0.764888,-0.116706,-0.633503,0.000000,-0.161019,0.986871,0.012609,0.000000,0.623714,0.111650,-0.773637,0.000000,1.041070,-6.163841,0.165655,1.000000;;
	}
}
Frame RightHandIndex1 {
	FrameTransformMatrix {
		-0.331307,-0.004809,-0.943511,0.000000,-0.204092,-0.975947,0.076640,0.000000,-0.921185,0.217954,0.322356,0.000000,2.422664,17.981369,-5.565121,1.000000;;
	}
}
Frame RightHandIndex2 {
	FrameTransformMatrix {
		0.999353,-0.001285,0.035945,0.000000,0.003190,0.998590,-0.052987,0.000000,-0.035826,0.053067,0.997948,0.000000,-0.083499,-4.710399,-0.034530,1.000000;;
	}
}
Frame RightHandIndex3 {
	FrameTransformMatrix {
		0.991932,-0.060319,0.111501,0.000000,0.058399,0.998085,0.020414,0.000000,-0.112519,-0.013738,0.993555,0.000000,0.008825,-2.885719,0.046550,1.000000;;
	}
}
Frame RightHandIndex4 {
	FrameTransformMatrix {
		-0.932302,0.000000,-0.361680,0.000000,0.000000,1.000000,-0.000000,0.000000,0.361680,-0.000000,-0.932302,0.000000,0.227326,-6.135828,-0.269009,1.000000;;
	}
}
Frame RightHandMiddle1 {
	FrameTransformMatrix {
		-0.242236,-0.019675,-0.970018,0.000000,-0.512284,-0.846470,0.145098,0.000000,-0.823946,0.532072,0.194966,0.000000,3.903079,17.549286,-1.121528,1.000000;;
	}
}
Frame RightHandMiddle2 {
	FrameTransformMatrix {
		0.986148,-0.039965,-0.160983,0.000000,-0.006908,0.959802,-0.280594,0.000000,0.165726,0.277819,0.946230,0.000000,-0.055746,-4.673189,1.621031,1.000000;;
	}
}
Frame RightHandMiddle3 {
	FrameTransformMatrix {
		0.996633,0.016447,0.080329,0.000000,-0.001440,0.983036,-0.183408,0.000000,-0.081982,0.182675,0.979749,0.000000,-0.087271,-3.337578,0.152936,1.000000;;
	}
}
Frame RightHandMiddle4 {
	FrameTransformMatrix {
		-0.771354,0.016415,-0.636195,0.000000,-0.006351,0.999419,0.033487,0.000000,0.636375,0.029871,-0.770801,0.000000,-0.173000,-4.417278,-0.604333,1.000000;;
	}
}
Frame RightHandRing1 {
	FrameTransformMatrix {
		-0.053395,0.003256,-0.998568,0.000000,-0.263060,-0.964718,0.010920,0.000000,-0.963301,0.263266,0.052367,0.000000,3.937957,15.591434,3.107054,1.000000;;
	}
}
Frame RightHandRing2 {
	FrameTransformMatrix {
		0.965396,0.170512,0.197321,0.000000,-0.153400,0.983183,-0.099089,0.000000,-0.210898,0.065391,0.975318,0.000000,0.189628,-3.518433,0.156994,1.000000;;
	}
}
Frame RightHandRing3 {
	FrameTransformMatrix {
		0.978907,-0.196984,-0.054209,0.000000,0.203076,0.967219,0.152471,0.000000,0.022397,-0.160264,0.986820,0.000000,-0.323938,-2.941715,-0.098234,1.000000;;
	}
}
Frame RightHandRing4 {
	FrameTransformMatrix {
		-0.819962,-0.017046,-0.572165,0.000000,-0.000595,0.999581,-0.028927,0.000000,0.572418,-0.023378,-0.819628,0.000000,0.445451,-4.868827,0.611179,1.000000;;
	}
}
Frame RightHandPinky1 {
	FrameTransformMatrix {
		0.062701,-0.015356,-0.997914,0.000000,-0.228955,-0.973437,0.000593,0.000000,-0.971416,0.228440,-0.064552,0.000000,2.962136,12.857009,6.039449,1.000000;;
	}
}
Frame RightHandPinky2 {
	FrameTransformMatrix {
		0.960597,0.100549,-0.259122,0.000000,-0.077978,0.992324,0.095984,0.000000,0.266784,-0.071996,0.961063,0.000000,0.202188,-3.320568,0.053530,1.000000;;
	}
}
Frame RightHandPinky3 {
	FrameTransformMatrix {
		0.998285,0.046533,-0.035515,0.000000,-0.048987,0.996223,-0.071696,0.000000,0.032044,0.073313,0.996794,0.000000,-0.139160,-2.995492,0.312111,1.000000;;
	}
}
Frame RightHandPinky4 {
	FrameTransformMatrix {
		-0.273137,-0.084932,-0.958219,0.000000,-0.791046,0.586641,0.173488,0.000000,0.547396,0.805381,-0.227418,0.000000,-0.561272,-5.818289,0.168858,1.000000;;
	}
}
Frame LeftUpLeg {
	FrameTransformMatrix {
		-0.083827,0.011541,0.996413,0.000000,0.044773,-0.998879,0.015336,0.000000,0.995474,0.045898,0.083217,0.000000,13.026871,-6.336296,1.092769,1.000000;;
	}
}
Frame LeftLeg {
	FrameTransformMatrix {
		0.016163,-0.049065,-0.998665,0.000000,0.047343,0.997713,-0.048252,0.000000,0.998748,-0.046500,0.018449,0.000000,-10.820282,45.802582,-2.437241,1.000000;;
	}
}
Frame LeftFoot {
	FrameTransformMatrix {
		0.980706,0.070119,0.182478,0.000000,0.106705,0.590118,-0.800234,0.000000,-0.163795,0.804266,0.571251,0.000000,-0.576570,53.998184,10.309396,1.000000;;
	}
}
Frame LeftToeBase {
	FrameTransformMatrix {
		0.991203,0.000000,-0.132352,0.000000,-0.077624,0.809952,-0.581337,0.000000,0.107199,0.586497,0.802826,0.000000,-1.360296,21.492821,0.546317,1.000000;;
	}
}
Frame LeftToe_End {
	FrameTransformMatrix {
		1.000000,0.000000,-0.000000,0.000000,0.000000,1.000000,-0.000000,0.000000,-0.000000,-0.000000,1.000000,0.000000,1.420635,9.552690,0.024944,1.000000;;
	}
}
Frame RightUpLeg {
	FrameTransformMatrix {
		-0.083832,-0.011565,-0.996413,0.000000,-0.044460,-0.998893,0.015334,0.000000,-0.995488,0.045586,0.083225,0.000000,-12.882951,-6.336296,1.092769,1.000000;;
	}
}
Frame RightLeg {
	FrameTransformMatrix {
		0.016100,0.049049,0.998667,0.000000,-0.047345,0.997713,-0.048239,0.000000,-0.998749,-0.046505,0.018386,0.000000,10.820282,45.802582,-2.437241,1.000000;;
	}
}
Frame RightFoot {
	FrameTransformMatrix {
		0.980676,-0.070417,-0.182527,0.000000,-0.106570,0.590133,-0.800241,0.000000,0.164066,0.804229,0.571224,0.000000,0.576570,53.998184,10.309396,1.000000;;
	}
}
Frame RightToeBase {
	FrameTransformMatrix {
		0.991203,-0.000000,0.132352,0.000000,0.077624,0.809952,-0.581337,0.000000,-0.107199,0.586496,0.802826,0.000000,1.360296,21.492821,0.546317,1.000000;;
	}
}
Frame RightToe_End {
	FrameTransformMatrix {
		1.000000,0.000000,-0.000000,0.000000,0.000000,1.000000,-0.000000,0.000000,-0.000000,-0.000000,1.000000,0.000000,-1.420635,9.552690,0.024944,1.000000;;
	}
}
Frame Vampire {
	MetaScript {
		"basic.x_Vampire.lua"
	}
	PEUUID {
		0x8c4bcc51, 0xfd3011ef, 0x9882e865, 0x3893a78a
	}
	FrameTransformMatrix {
		2.540000,0.000000,0.000000,0.000000,-0.000000,0.000000,2.540000,0.000000,-0.000000,-2.540000,0.000000,0.000000,0.602812,0.000000,-0.000000,1.000000;;
	}
}
